Mon May 25 23:56:02 2020,407,350,757
Tue May 26 23:56:02 2020,1336,1252,2588
Wed May 27 23:56:09 2020,1351,1266,2617
Thu May 28 23:56:09 2020,1315,1250,2565
Sat May 30 07:53:12 2020,1250,1167,2417
Sun May 31 23:56:05 2020,343,250,593
Mon Jun  1 23:56:10 2020,1353,1273,2626
Tue Jun  2 23:56:06 2020,1353,1270,2623
Wed Jun  3 23:56:09 2020,1351,1346,2697
Thu Jun  4 23:56:07 2020,1350,1280,2630
Fri Jun  5 23:56:05 2020,1247,1152,2399
Sat Jun  6 23:56:08 2020,347,291,638
Sun Jun  7 23:56:07 2020,352,286,638
Mon Jun  8 23:56:06 2020,1351,1320,2671
Tue Jun  9 23:56:06 2020,1360,1350,2710
Wed Jun  10 23:56:06 2020,1352,1289,2641
