Tue Jun  9 23:56:02 2020,1360,1350,2710
Wed Jun 10 08:02:12 2020,349,322,671
Wed Jun 10 23:56:05 2020,1352,1289,2641
Fri Jun 12 23:56:07 2020,1187,1150,2337
Sat Jun 13 23:56:08 2020,311,251,562
Sun Jun 14 23:56:09 2020,351,252,603
Mon Jun 15 23:56:08 2020,1353,1261,2614
Tue Jun 16 23:56:08 2020,1349,1322,2671
Wed Jun 17 23:56:07 2020,1350,1306,2656
Thu Jun 18 23:56:08 2020,1353,1273,2626
Fri Jun 19 23:56:06 2020,1154,1153,2307
Sat Jun 20 23:56:07 2020,332,251,583
Tue Jun  9 23:56:02 2020,1360,1350,2710
Wed Jun 10 23:56:05 2020,1352,1289,2641
Fri Jun 12 23:56:07 2020,1187,1150,2337
Sat Jun 13 23:56:08 2020,311,251,562
Sun Jun 14 23:56:09 2020,351,252,603
Mon Jun 15 23:56:08 2020,1353,1261,2614
Tue Jun 16 23:56:08 2020,1349,1322,2671
Wed Jun 17 23:56:07 2020,1350,1306,2656
Thu Jun 18 23:56:08 2020,1353,1273,2626
Fri Jun 19 23:56:06 2020,1154,1153,2307
Sat Jun 20 23:56:07 2020,332,251,583
Sun Jun 21 23:56:09 2020,348,266,614
Mon Jun 22 23:56:07 2020,1307,1253,2560
Tue Jun 23 23:56:07 2020,1351,1293,2644
Wed Jun 24 23:56:09 2020,1330,1251,2581
Thu Jun 25 23:56:07 2020,1204,1147,2351
Fri Jun 26 23:56:07 2020,1147,1063,2210
Sat Jun 27 23:56:06 2020,351,251,602
Sun Jun 28 23:56:09 2020,350,259,609
Mon Jun 29 23:56:07 2020,1353,1295,2648
Tue Jun 30 23:56:06 2020,1349,1305,2654
Wed Jul  1 23:56:07 2020,1353,1307,2660
Tue Jul 2 23:56:06 2021,1346,1249,2595
Fri Jul 3 23:56:06 2020,1155,1151,2306
Sat Jul  4 23:56:05 2020,317,249,566
Sat Jul 11 23:56:06 2020,270,252,522
Sun Jul 12 23:56:08 2020,291,249,540
Mon Jul 13 23:56:08 2020,1268,1251,2519
Tue Jul 14 23:56:06 2020,1355,1259,2614
Wed Jul 15 23:56:07 2020,1313,1253,2566
Thu Jul 16 23:56:07 2020,1288,1248,2536
Fri Jul 17 23:56:07 2020,1119,1052,2171
Sat Jul 18 23:56:07 2020,267,251,518
Sun Jul 19 23:56:07 2020,308,249,557
Mon Jul 20 23:56:07 2020,1214,1149,2363
Tue Jul 21 23:56:08 2020,1248,1212,2460
